1894
1893
1893
1893
1893
1893
1893
1893
1893
1893
1893
1893
1893
1893
1892
1892
1892
1892
1892
1891
1891
1891
1891
1891
1890
1890
1889
1889
1889
1889
1888
1888
1888
1887
1887
1887
1887
1886
1886
1884
1883
1883
1883
1882
1882
1880
1880
1880
1879
1878
1878
1877
1876
1874
1873
1873
1873
1871
1870
1868
1868
1867
1866
1864
1863
1862
1860
1859
1857
1855
1855
1853
1851
1849
1847
1846
1844
1842
1840
1838
1836
1835
1833
1830
1828
1826
1824
1822
1818
1816
1813
1811
1809
1806
1803
1800
1796
1794
1791
1788
1785
1781
1777
1775
1772
1768
1764
1760
1756
1753
1748
1744
1739
1735
1730
1725
1722
1717
1711
1706
1701
1695
1691
1686
1682
1675
1671
1666
1657
1654
1648
1641
1636
1631
1627
1621
1615
1609
1604
1598
1593
1586
1580
1575
1570
1565
1559
1553
1545
1540
1534
1528
1522
1519
1513
1506
1501
1494
1488
1481
1475
1469
1463
1455
1451
1446
1440
1434
1427
1421
1414
1407
1400
1392
1385
1379
1372
1366
1360
1353
1347
1341
1335
1329
1321
1316
1309
1302
1297
1290
1284
1276
1269
1261
1255
1248
1242
1234
1226
1220
1214
1208
1204
1195
1189
1183
1174
1167
1160
1152
1144
1137
1131
1125
1117
1111
1104
1099
1094
1086
1079
1073
1067
1060
1053
1043
1034
1028
1021
1014
1007
1001
993
988
984
978
971
966
959
954
948
944
937
932
926
921
912
907
899
896
888
883
877
869
861
854
848
840
835
829
822
817
810
805
797
791
787
781
775
768
760
754
747
740
735
729
725
718
713
708
703
696
692
684
680
673
668
662
657
651
646
640
637
630
624
618
613
607
601
597
591
585
578
572
566
559
555
549
545
540
535
528
523
518
512
507
502
496
492
488
484
477
472
467
464
459
454
449
443
438
433
429
425
421
415
411
405
401
395
392
387
383
377
372
367
363
359
356
353
349
342
339
333
330
326
322
318
315
309
305
302
298
294
290
286
282
278
275
271
267
262
259
254
250
245
241
238
236
232
228
225
222
217
214
211
207
204
200
195
192
189
185
181
178
175
171
166
162
159
156
153
149
146
142
139
134
131
127
124
121
119
115
111
107
104
102
97
94
91
87
84
79
77
74
72
69
67
64
61
58
56
54
52
49
47
45
41
40
37
34
32
30
28
26
24
22
20
18
16
14
13
11
9
8
7
4
3
2
0
0
-1
-3
-4
-5
-6
-8
-9
-9
-10
-11
-11
-12
-13
-13
-13
-13
-13
-13
-13
-13
-12
-12
-12
-12
-12
-11
-11
-11
-11
-11
-10
-10
-10
-10
-10
-9
-9
-9
-9
-9
-8
-8
-8
-8
-8
-8
-7
-7
-7
-7
-7
-6
-6
-6
-6
-6
-6
-6
-6
-6
-6
-6
-5
-5
-5
-5
-5
-5
-4
-4
-4
-4
-4
-4
-4
-4
-4
-4
-4
-4
-3
-3
-3
-3
-3
-3
-3
-3
-3
-3
-2
-2
-2
-2
-2
-2
-2
-2
-2
-2
-2
-2
-2
-2
-2
-1
-1
-1
-1
-1
-1
-1
-1
-1
-1
-1
-1
-1
-1
-1
-1
-1
-1
-1
0
0
0
0
0
0
0
0
0
0
0
0
0
0
0
0
0
0
0
0
0
0
0
0
0
0
0
0
0
0
0
0
0
0
0
0
0
0
0
0
0
0
0
0
0
0
0
0
0
0
0
0
0
0
0
0
0
0
0
0
0
0
0
0
0
0
0
0
0
0
0
0
0
0
0
0
0
0
0
0
0
0
0
0
0
0
0
0
0
0
0
0
0
0
0
0
0
0
0
0
0
0
0
0
0
0
0
0
0
0
0
0
0
0
0
0
0
0
0
0
0
0
0
0
0
0
0
0
0
0
0
0
0
0
0
0
0
0
0
0
0
0
0
0
0
0
0
0
0
0
0
0
0
0
0
0
0
0
0
0
0
0
0
0
0
0
0
0
0
0
0
0
0
0
0
0
0
0
0
0
0
0
0
0
0
0
0
0
0
0
0
0
0
0
0
0
0
0
0
0
0
0
0
0
0
0
0
0
0
0
0
0
0
0
0
0
0
0
0
0
0
0
0
0
0
0
0
0
0
0
0
0
0
0
0
0
0
0
0
0
0
0
0
0
0
0
0
0
0
0
0
0
0
0
0
0
0
0
0
0
0
0
0
0
0
0
0
0
0
0
0
0
0
0
0
0
0
0
0
0
0
0
0
0
0
0
0
0
0
0
0
0
0
0
0
0
0
0
0
0
0
0
0
0
0
0
0
0
0
0
0
0
0
0
0
0
0
0
0
0
0
0
0
0
0
0
0
0
0
0
0
0
0
0
0
0
0
0
0
0
0
0
0
0
0
0
0
0
0
0
0
0
0
0
0
0
0
0
0
0
0
0
0
0
0
0
0
0
0
0
0
0
0
0
0
0
0
0
0
0
0
0
0
0
0
0
0
0
0
0
0
0
0
0
0
0
0
0
0
0
0
0
0
0
0
0
0
0
0
0
0
0
0
0
0
0
0
0
0
0
0
0
0
0
0
0
0
0
0
0
0
0
0
0
0
0
-2
-1
-1
-1
-1
-1
-1
-1
-1
-1
-1
-1
-1
-1
-1
-1
-1
-1
0
0
0
0
0
0
0
0
0
0
0
0
0
1
1
1
1
1
2
2
2
2
2
3
3
3
4
4
5
5
5
6
6
6
7
7
7
7
8
8
8
9
9
10
10
11
12
12
12
13
14
14
15
15
15
16
17
18
19
19
19
21
22
22
23
24
25
26
28
28
28
29
30
31
33
33
34
35
36
37
39
39
40
42
43
45
46
47
50
51
51
54
57
57
59
61
61
65
67
67
69
71
71
73
76
77
79
80
81
84
85
86
88
90
93
94
96
98
101
104
106
109
110
112
115
117
118
121
124
126
128
131
133
136
139
142
145
147
149
151
154
159
162
163
167
170
175
177
181
186
190
192
196
200
203
207
209
214
217
221
223
227
231
235
238
243
247
251
255
257
264
268
273
277
280
285
291
295
300
302
306
311
316
320
324
328
333
337
342
345
350
355
360
364
369
373
376
381
385
388
394
399
406
410
415
419
424
427
432
435
440
446
451
456
461
464
469
473
479
485
487
492
500
506
512
517
519
524
530
535
540
544
546
551
556
561
566
569
575
580
585
589
593
596
600
604
610
614
622
624
628
635
641
648
653
657
662
666
672
678
680
685
691
696
702
707
709
714
720
725
732
737
740
745
751
756
760
765
770
775
782
787
793
798
801
806
810
817
821
824
828
833
838
843
848
850
856
861
865
870
872
877
881
888
893
894
899
904
908
913
915
921
925
930
935
940
943
948
952
957
961
965
969
975
981
986
990
993
997
1002
1007
1013
1017
1018
1023
1028
1033
1038
1042
1047
1052
1056
1060
1065
1070
1076
1083
1088
1093
1098
1103
1108
1118
1120
1125
1132
1136
1141
1146
1152
1158
1162
1168
1171
1177
1181
1185
1190
1195
1199
1203
1207
1210
1215
1219
1223
1228
1233
1237
1242
1245
1249
1253
1257
1262
1267
1271
1275
1277
1282
1288
1292
1296
1300
1305
1309
1312
1317
1318
1322
1329
1332
1336
1340
1344
1348
1353
1355
1359
1363
1367
1371
1375
1379
1380
1384
1386
1391
1394
1398
1402
1405
1408
1409
1413
1419
1422
1427
1430
1435
1438
1442
1444
1448
1451
1454
1458
1461
1465
1469
1472
1476
1479
1481
1484
1489
1494
1497
1501
1504
1508
1511
1514
1516
1519
1523
1527
1530
1533
1537
1540
1544
1545
1549
1552
1555
1558
1562
1565
1570
1573
1575
1577
1580
1583
1586
1589
1592
1596
1599
1600
1603
1605
1609
1612
1615
1618
1621
1624
1626
1628
1631
1634
1639
1641
1644
1646
1648
1650
1653
1656
1659
1661
1664
1667
1669
1670
1672
1675
1678
1682
1684
1687
1689
1692
1693
1696
1699
1701
1704
1706
1708
1710
1711
1714
1716
1719
1721
1724
1726
1728
1731
1733
1735
1737
1740
1742
1744
1746
1748
1750
1753
1755
1757
1759
1761
1763
1765
1767
1768
1771
1773
1775
1777
1778
1782
1783
1785
1786
1788
1790
1791
1793
1794
1796
1798
1800
1800
1802
1804
1806
1807
1808
1810
1811
1812
1813
1815
1816
1818
1819
1820
1821
1822
1824
1825
1826
1828
1829
1830
1832
1833
1834
1836
1837
1838
1840
1841
1843
1843
1845
1846
1847
1848
1849
1850
1851
1852
1854
1855
1856
1857
1858
1859
1860
1861
1862
1863
1864
1866
1866
1867
1868
1869
1870
1871
1872
1873
1873
1874
1875
1875
1877
1877
1878
1879
1880
1881
1881
1882
1883
1884
1885
1886
1886
1887
1888
1888
1889
1889
1890
1891
1891
1892
1892
1893
1893
1894
1894
1895
1896
1896
1896
1897
1897
1898
1898
1899
1899
1899
1900
1900
1900
1901
1901
1901
1902
1902
1902
1902
1903
1903
1903
1903
1904
1904
1904
1904
1904
1904
1905
1905
1905
1905
1905
1905
1905
1906
1906
1906
1906
1906
1906
1906
1906
1906
1906
1906
1906
1906
1906
1906
1906
1906
1906
1906
1906
1906
1906
1906
1905
1905
1905
1905
1905
1905
1905
1905
1904
1904
1904
1904
1904
1904
1904
1903
1903
1903
1903
1903
1903
1903
1902
1902
1902
1902
1902
1902
1902
1902
1901
1901
1901
1901
1901
1901
1901
1901
1900
1900
1900
1900
1900
1900
1900
1900
1900
1900
1900
1900
1900
1900
1900
1900
1899
1899
1899
1899
1899
1899
1899
1899
1899
1899
1899
1899
1899
1899
1899
1899
1899
1899
1899
1899
1899
1899
1899
1899
1899
1899
1899
1899
1899
1899
1899
1899
1899
1899
1899
1899
1899
1899
1899
1899
1899
1899
1899
1899
1899
1899
1899
1899
1899
1899
1899
1899
1899
1899
1899
1899
1899
1899
1899
1899
1899
1899
1899
1899
1899
1899
1899
1899
1899
1899
1899
1899
1899
1899
1899
1899
1899
1899
1899
1899
1899
1899
1899
1899
1899
1899
1899
1899
1899
1899
1899
1899
1899
1899
1899
1899
1899
1899
1899
1899
1899
1899
1899
1899
1899
1899
1899
1899
1899
1899
1899
1899
1899
1899
1900
1900
1900