3
3
3
3
3
3
2
3
3
3
3
3
3
3
3
4
4
4
4
4
4
4
4
4
5
5
5
5
5
6
6
6
6
6
7
7
7
7
7
8
8
8
9
9
9
9
9
10
10
10
11
11
12
12
12
13
13
13
14
14
14
15
16
16
17
18
18
19
20
20
20
21
21
23
24
24
26
27
27
28
29
30
31
33
33
33
35
35
37
38
38
40
41
42
43
45
45
47
48
49
51
52
53
55
57
59
59
61
61
63
65
66
67
69
71
72
74
76
77
78
81
82
84
86
87
89
92
93
95
97
98
101
104
106
107
111
114
117
119
122
125
127
129
133
136
140
142
145
147
151
155
157
160
163
167
169
174
178
180
182
186
189
193
196
198
203
208
211
213
217
220
228
231
235
239
244
247
251
254
256
261
264
268
270
275
278
282
287
290
295
302
307
312
314
318
322
328
332
334
337
341
344
348
352
355
360
363
368
371
375
379
384
389
393
396
403
407
412
415
420
425
430
435
437
443
447
454
458
463
468
472
478
483
488
494
500
504
509
513
516
522
530
534
541
545
548
554
559
566
571
573
580
585
590
596
602
605
611
618
623
628
634
637
644
649
657
662
667
672
674
681
687
693
699
704
707
714
720
725
731
735
737
743
748
753
758
762
766
770
775
781
787
790
795
800
807
811
814
820
825
831
834
840
846
848
853
859
863
870
872
877
883
887
891
897
901
905
910
915
919
924
927
932
937
942
947
952
953
956
961
967
972
979
983
985
989
995
999
1003
1007
1011
1016
1023
1028
1034
1039
1043
1047
1050
1055
1060
1064
1070
1075
1080
1085
1089
1094
1098
1106
1111
1116
1120
1126
1131
1135
1141
1145
1151
1153
1160
1164
1169
1173
1177
1181
1188
1192
1196
1200
1204
1209
1214
1220
1225
1231
1235
1242
1247
1250
1255
1259
1264
1270
1274
1279
1286
1289
1294
1296
1301
1305
1309
1313
1317
1322
1325
1328
1332
1336
1340
1344
1348
1352
1355
1357
1362
1365
1369
1373
1377
1380
1384
1387
1389
1394
1398
1401
1405
1409
1413
1416
1420
1422
1426
1432
1435
1439
1442
1446
1450
1453
1457
1459
1463
1466
1470
1473
1477
1480
1484
1486
1489
1493
1496
1500
1503
1507
1510
1512
1515
1518
1521
1524
1528
1532
1535
1538
1540
1543
1546
1550
1553
1555
1559
1562
1565
1567
1570
1572
1576
1579
1583
1587
1590
1591
1594
1597
1600
1603
1606
1609
1612
1613
1616
1619
1621
1624
1627
1630
1632
1634
1637
1640
1643
1645
1648
1650
1653
1654
1657
1660
1662
1665
1667
1670
1673
1674
1677
1679
1683
1685
1687
1690
1692
1693
1696
1699
1701
1704
1707
1710
1713
1714
1716
1719
1721
1723
1725
1728
1730
1732
1734
1736
1738
1741
1743
1745
1747
1749
1751
1752
1754
1756
1758
1759
1762
1764
1765
1767
1769
1771
1772
1774
1776
1778
1780
1781
1783
1785
1786
1789
1791
1792
1794
1797
1798
1800
1802
1804
1804
1806
1808
1809
1810
1812
1813
1815
1816
1817
1819
1820
1821
1823
1824
1825
1827
1828
1829
1830
1832
1833
1834
1836
1837
1838
1840
1841
1842
1843
1845
1846
1847
1848
1849
1850
1851
1852
1853
1854
1855
1856
1857
1858
1859
1860
1861
1862
1863
1864
1865
1866
1867
1867
1868
1869
1870
1870
1871
1872
1873
1873
1874
1875
1876
1877
1878
1878
1879
1880
1880
1881
1882
1882
1883
1884
1884
1885
1886
1886
1887
1888
1889
1889
1890
1890
1891
1891
1892
1892
1893
1893
1894
1894
1895
1895
1896
1896
1897
1897
1898
1898
1898
1899
1899
1899
1900
1900
1901
1901
1901
1901
1902
1902
1902
1902
1903
1903
1903
1903
1903
1904
1904
1904
1904
1904
1905
1905
1905
1905
1905
1905
1905
1905
1905
1906
1906
1906
1906
1906
1906
1906
1906
1906
1906
1906
1906
1906
1906
1906
1906
1905
1905
1905
1905
1905
1905
1905
1905
1905
1905
1904
1904
1904
1904
1904
1904
1904
1904
1903
1903
1903
1903
1903
1903
1903
1902
1902
1902
1902
1902
1902
1902
1902
1901
1901
1901
1901
1901
1901
1901
1901
1901
1900
1900
1900
1900
1900
1900
1900
1900
1900
1900
1900
1900
1900
1900
1900
1899
1899
1899
1899
1899
1899
1899
1899
1899
1899
1899
1899
1899
1899
1899
1899
1899
1899
1899
1899
1899
1899
1899
1899
1899
1899
1899
1899
1899
1899
1899
1899
1899
1899
1899
1899
1899
1899
1899
1899
1899
1899
1899
1899
1899
1899
1899
1899
1899
1899
1899
1899
1899
1899
1899
1899
1899
1899
1899
1899
1899
1899
1899
1899
1899
1899
1899
1899
1899
1899
1899
1899
1899
1899
1899
1899
1899
1899
1899
1899
1899
1899
1899
1899
1899
1899
1899
1899
1899
1899
1899
1899
1899
1899
1899
1899
1899
1899
1899
1899
1899
1899
1899
1899
1899
1899
1899
1899
1899
1899
1899
1899
1899
1899
1899
1900
1900
1900